50
1 1200 1250
2 1200 1229
3 1104 1081
4 1020 975
5 1200 1287
6 979 924
7 910 838
8 930 863
9 1032 991
10 1118 1098
11 1168 1160
12 1036 995
13 992 940
14 942 878
15 802 703
16 1050 1013
17 724 605
18 1068 1035
19 1056 1021
20 980 926
21 1184 1180
22 945 882
23 960 900
24 899 824
25 1103 1079
26 912 840
27 1120 1101
28 1200 1213
29 1108 1086
30 894 818
31 768 660
32 1192 1190
33 887 809
34 1200 1333
35 848 760
36 1088 1060
37 990 938
38 1150 1138
39 1160 1150
40 1050 1013
41 830 738
42 1200 1239
43 946 883
44 853 767
45 856 770
46 991 939
47 1200 1209
48 1107 1084
49 662 528
50 1068 1035
10000
