50
1 1623 1604
2 1440 1375
3 1484 1430
4 1700 1894
5 1409 1337
6 1615 1594
7 1344 1256
8 1648 1636
9 1462 1403
10 1696 1695
11 1650 1638
12 1445 1382
13 1230 1113
14 1700 1843
15 1407 1334
16 1461 1402
17 1700 1795
18 1403 1329
19 1560 1525
20 1513 1467
21 1586 1558
22 1562 1528
23 1474 1418
24 1574 1543
25 1700 1753
26 1700 1812
27 1508 1461
28 1680 1676
29 1489 1437
30 1134 993
31 1675 1669
32 1572 1541
33 1435 1369
34 1700 1880
35 1126 983
36 1700 1717
37 1516 1470
38 1393 1317
39 1700 1703
40 1527 1484
41 1248 1136
42 1700 1809
43 1555 1519
44 1655 1644
45 1692 1691
46 1567 1534
47 1479 1424
48 1366 1283
49 1700 1836
50 1541 1502
10000
