50
1 1960 1900
2 2200 2257
3 1985 1932
4 2123 2104
5 1875 1794
6 1930 1863
7 1784 1680
8 2068 2036
9 1624 1480
10 1640 1500
11 1996 1946
12 2200 2239
13 1928 1861
14 2084 2056
15 2095 2069
16 2089 2062
17 2066 2033
18 1956 1895
19 2087 2059
20 2200 2200
21 2200 2393
22 2200 2200
23 1753 1642
24 2156 2146
25 2082 2053
26 2200 2237
27 1880 1801
28 2009 1962
29 2025 1982
30 2072 2041
31 1904 1831
32 2183 2179
33 2200 2264
34 1992 1941
35 2097 2072
36 2028 1985
37 1872 1791
38 2060 2025
39 2144 2130
40 2200 2229
41 2084 2055
42 1972 1916
43 2200 2214
44 1812 1715
45 2079 2049
46 2105 2082
47 1827 1734
48 2138 2123
49 2088 2060
50 2200 2251
10000
