50
1 2700 2964
2 2613 2592
3 2482 2428
4 2659 2649
5 2370 2288
6 2460 2400
7 2641 2627
8 2700 2909
9 2675 2669
10 2670 2663
11 2700 2765
12 2597 2572
13 2579 2549
14 2401 2327
15 2681 2677
16 2478 2423
17 2229 2112
18 2416 2345
19 2628 2610
20 2481 2427
21 2312 2216
22 2314 2218
23 2450 2388
24 2567 2534
25 2528 2485
26 2700 2793
27 2668 2660
28 2566 2533
29 2700 2869
30 2656 2645
31 2443 2379
32 2444 2380
33 2544 2506
34 2696 2695
35 2577 2547
36 2700 2838
37 2700 2818
38 2402 2328
39 2432 2365
40 2480 2425
41 2700 2800
42 2692 2690
43 2687 2684
44 2700 2944
45 2700 2727
46 2288 2185
47 2665 2657
48 2700 2902
49 2415 2344
50 2700 2826
10000
