50
1 2880 2801
2 2739 2624
3 2805 2707
4 3147 3134
5 3109 3087
6 2713 2592
7 2890 2813
8 2975 2919
9 3066 3033
10 2935 2869
11 3105 3082
12 2659 2524
13 2924 2856
14 3042 3003
15 3098 3073
16 3071 3039
17 3082 3053
18 3200 3265
19 3028 2986
20 3200 3241
21 2961 2902
22 3200 3280
23 3144 3130
24 2965 2907
25 3200 3521
26 3096 3071
27 2874 2793
28 3135 3119
29 2716 2596
30 3086 3058
31 2986 2933
32 2976 2920
33 2978 2923
34 2996 2945
35 2975 2919
36 2928 2861
37 2764 2655
38 3200 3234
39 2998 2948
40 3160 3151
41 3071 3039
42 2738 2623
43 3156 3145
44 3132 3115
45 3200 3389
46 3200 3306
47 2997 2947
48 2878 2798
49 2925 2857
50 2998 2948
10000
