50
1 3452 3390
2 3454 3393
3 3497 3447
4 3564 3531
5 3385 3307
6 3476 3420
7 3482 3428
8 3431 3364
9 3700 3942
10 3592 3565
11 3447 3384
12 3656 3645
13 3416 3346
14 3626 3608
15 3577 3547
16 3403 3329
17 3700 3842
18 3622 3603
19 3278 3173
20 3529 3487
21 3520 3475
22 3521 3477
23 3617 3597
24 3656 3646
25 3659 3649
26 3564 3531
27 3363 3279
28 3292 3191
29 3639 3624
30 3683 3679
31 3492 3441
32 3640 3626
33 3700 3719
34 3373 3292
35 3700 4042
36 3553 3517
37 3504 3455
38 3605 3582
39 3688 3686
40 3452 3390
41 3483 3429
42 3406 3333
43 3212 3091
44 3209 3087
45 3313 3217
46 3604 3581
47 3353 3267
48 3672 3666
49 3410 3338
50 3415 3344
10000
