50
1 3955 3894
2 3804 3706
3 3877 3797
4 4056 4021
5 3947 3884
6 4095 4069
7 4112 4090
8 4200 4218
9 4200 4341
10 4109 4087
11 3872 3791
12 4180 4176
13 4200 4285
14 3790 3688
15 4200 4202
16 4136 4121
17 4196 4195
18 3969 3912
19 4061 4027
20 4128 4111
21 3777 3672
22 3721 3602
23 3964 3905
24 4200 4240
25 3770 3663
26 3914 3843
27 3831 3739
28 4086 4058
29 4008 3961
30 4127 4109
31 3979 3924
32 4090 4063
33 4158 4148
34 4200 4360
35 4124 4105
36 3996 3945
37 4092 4065
38 4200 4218
39 3839 3749
40 4145 4132
41 3865 3782
42 3967 3909
43 3887 3809
44 3970 3913
45 4066 4033
46 3743 3629
47 4100 4076
48 4155 4144
49 3809 3712
50 3967 3909
10000
