50
1 4428 4360
2 4441 4377
3 4628 4610
4 4609 4587
5 4540 4500
6 4391 4314
7 4607 4584
8 4523 4479
9 4340 4250
10 4421 4352
11 4412 4341
12 4516 4471
13 4304 4206
14 4592 4566
15 4486 4433
16 4204 4080
17 4700 4807
18 4533 4492
19 4335 4244
20 4340 4251
21 4371 4289
22 4700 4731
23 4700 5006
24 4561 4527
25 4499 4449
26 4440 4376
27 4573 4542
28 4452 4390
29 4465 4407
30 4518 4473
31 4552 4516
32 4525 4482
33 4692 4690
34 4299 4199
35 4431 4364
36 4498 4448
37 4587 4559
38 4608 4586
39 4387 4309
40 4406 4333
41 4263 4154
42 4518 4473
43 4223 4104
44 4496 4446
45 4519 4474
46 4687 4684
47 4523 4479
48 4674 4668
49 4543 4504
50 4477 4422
10000
