50
1 4888 4811
2 4846 4758
3 5067 5034
4 5017 4972
5 4861 4777
6 5019 4974
7 5020 4976
8 4877 4797
9 5093 5067
10 5048 5011
11 5174 5168
12 4808 4711
13 4981 4927
14 5052 5016
15 4955 4894
16 5165 5157
17 4917 4847
18 5200 5313
19 4855 4769
20 5036 4995
21 4739 4624
22 5153 5142
23 4542 4378
24 5036 4995
25 5155 5144
26 5136 5121
27 4929 4862
28 5143 5129
29 5200 5282
30 4904 4831
31 4904 4830
32 4912 4841
33 5096 5071
34 5200 5293
35 5077 5047
36 4814 4718
37 5157 5147
38 5060 5025
39 5026 4983
40 5102 5078
41 4614 4468
42 4939 4874
43 4900 4826
44 5200 5371
45 5102 5078
46 5200 5267
47 4848 4761
48 4997 4947
49 4751 4639
50 5078 5048
10000
