50
1 5424 5356
2 5405 5332
3 5359 5274
4 5530 5488
5 5378 5298
6 5621 5602
7 5700 5712
8 5553 5517
9 5700 5907
10 5691 5689
11 5700 5918
12 5700 5968
13 5384 5305
14 5628 5611
15 5556 5521
16 5436 5371
17 5549 5512
18 5312 5216
19 5511 5464
20 5566 5533
21 5700 5708
22 5367 5284
23 5456 5396
24 5383 5304
25 5564 5530
26 5377 5297
27 5581 5552
28 5589 5562
29 5623 5604
30 5576 5545
31 5638 5623
32 5700 5831
33 5475 5419
34 5700 5730
35 5620 5600
36 5663 5654
37 5567 5534
38 5592 5566
39 5667 5659
40 5456 5396
41 5340 5250
42 5457 5397
43 5431 5364
44 5671 5664
45 5492 5441
46 5700 5745
47 5264 5156
48 5547 5509
49 5611 5589
50 5632 5616
10000
