50
1 5940 5875
2 6098 6073
3 5865 5782
4 6033 5992
5 6200 6332
6 6042 6003
7 5899 5824
8 6137 6122
9 5913 5842
10 6030 5988
11 5822 5728
12 5960 5900
13 5956 5895
14 5944 5880
15 5917 5847
16 5960 5901
17 6200 6434
18 6001 5952
19 6200 6207
20 5867 5784
21 6071 6039
22 5863 5779
23 6039 5999
24 6187 6184
25 6081 6052
26 6125 6107
27 6200 6256
28 5868 5786
29 5874 5793
30 6200 6219
31 6044 6005
32 6075 6044
33 5892 5815
34 5708 5586
35 5804 5705
36 5976 5921
37 6015 5969
38 5905 5832
39 6012 5966
40 6095 6069
41 6156 6145
42 5828 5735
43 6037 5997
44 5986 5933
45 6020 5975
46 6200 6228
47 5850 5763
48 5963 5904
49 5760 5651
50 5776 5670
10000
