50
1 6580 6550
2 6559 6524
3 6332 6241
4 6413 6342
5 6622 6603
6 6575 6544
7 6434 6368
8 6521 6477
9 6526 6483
10 6543 6504
11 6687 6684
12 6700 6771
13 6537 6497
14 6700 6720
15 6324 6230
16 6294 6193
17 6652 6640
18 6700 6787
19 6526 6483
20 6248 6136
21 6519 6474
22 6700 6714
23 6507 6459
24 6517 6472
25 6590 6563
26 6388 6311
27 6661 6652
28 6700 6860
29 6609 6587
30 6700 6903
31 6635 6619
32 6700 6871
33 6700 6830
34 6542 6503
35 6316 6221
36 6656 6646
37 6460 6400
38 6700 6908
39 6492 6440
40 6700 6733
41 6462 6403
42 6700 6743
43 6426 6358
44 6698 6698
45 6700 6726
46 6402 6328
47 6568 6535
48 6332 6241
49 6492 6440
50 6240 6126
10000
