50
1 7200 7466
2 6828 6736
3 7164 7156
4 7200 7340
5 6998 6948
6 6985 6932
7 7024 6980
8 6994 6943
9 7200 7508
10 7019 6974
11 6906 6833
12 6947 6884
13 7200 7276
14 6784 6681
15 7022 6978
16 6982 6928
17 7121 7102
18 6933 6867
19 7053 7017
20 7145 7132
21 7116 7096
22 7200 7365
23 7038 6998
24 6963 6904
25 7017 6972
26 6912 6841
27 7200 7264
28 7121 7102
29 6841 6752
30 7003 6954
31 7096 7070
32 7072 7040
33 7092 7066
34 7200 7419
35 7099 7074
36 7035 6994
37 7059 7024
38 7130 7113
39 7008 6961
40 6928 6860
41 7175 7169
42 7064 7031
43 6928 6860
44 7200 7273
45 6989 6937
46 7200 7301
47 6984 6930
48 6890 6813
49 7096 7070
50 7044 7005
10000
