50
1 7581 7552
2 7417 7347
3 7537 7497
4 7354 7268
5 7592 7566
6 7379 7299
7 7540 7501
8 7665 7657
9 7644 7631
10 7652 7640
11 7184 7055
12 7509 7462
13 7422 7353
14 7700 7712
15 7596 7570
16 7561 7527
17 7458 7398
18 7490 7438
19 7428 7361
20 7479 7424
21 7632 7615
22 7583 7554
23 7368 7286
24 7573 7542
25 7580 7550
26 7402 7328
27 7244 7131
28 7386 7308
29 7556 7520
30 7294 7193
31 7380 7301
32 7403 7329
33 7563 7529
34 7592 7566
35 7700 7729
36 7528 7485
37 7579 7549
38 7617 7597
39 7341 7252
40 7460 7401
41 6933 6742
42 7358 7273
43 7700 7808
44 7552 7516
45 7107 6959
46 7308 7210
47 7435 7369
48 7700 7937
49 7480 7425
50 7399 7324
10000
