50
1 7848 7760
2 8200 8230
3 7925 7857
4 8124 8105
5 7942 7878
6 8200 8269
7 7835 7744
8 8101 8077
9 7997 7947
10 8108 8086
11 7732 7616
12 7900 7826
13 7957 7897
14 8048 8011
15 8048 8011
16 8131 8114
17 7698 7573
18 7680 7550
19 7914 7843
20 8091 8064
21 8000 7951
22 8174 8168
23 8200 8300
24 8200 8563
25 8019 7974
26 8088 8061
27 7872 7791
28 8200 8239
29 7803 7704
30 8146 8133
31 8057 8022
32 8114 8093
33 7782 7678
34 8084 8056
35 7988 7935
36 7887 7809
37 8184 8180
38 8005 7957
39 7972 7916
40 8142 8128
41 8112 8091
42 8181 8177
43 7850 7763
44 7962 7903
45 7914 7843
46 8188 8185
47 7924 7855
48 7936 7870
49 8200 8234
50 8032 7991
10000
