50
1 8377 8297
2 8493 8442
3 8369 8287
4 8539 8499
5 8415 8344
6 8536 8495
7 8548 8511
8 8487 8434
9 8366 8283
10 8606 8583
11 8630 8613
12 8488 8435
13 8700 8711
14 8204 8081
15 8671 8664
16 8559 8524
17 8608 8586
18 8500 8451
19 8500 8450
20 8582 8553
21 8533 8492
22 8652 8641
23 8407 8334
24 8663 8654
25 8467 8409
26 8310 8213
27 8458 8398
28 8693 8692
29 8700 8712
30 8267 8159
31 8615 8594
32 8700 8703
33 8700 8700
34 8700 8721
35 8359 8274
36 8476 8420
37 8380 8301
38 8700 8898
39 8700 8724
40 8574 8543
41 8591 8564
42 8571 8539
43 8532 8490
44 8700 8778
45 8625 8607
46 8636 8621
47 8595 8569
48 8700 8721
49 8294 8193
50 8368 8285
10000
