50
1 8936 8871
2 9160 9150
3 9120 9101
4 9044 9006
5 9180 9175
6 8794 8693
7 9200 9220
8 9031 8989
9 9081 9052
10 8927 8859
11 9087 9059
12 9181 9177
13 9037 8997
14 9169 9162
15 8994 8943
16 9076 9045
17 9115 9094
18 9042 9003
19 9098 9073
20 8922 8853
21 8904 8831
22 8873 8792
23 9191 9189
24 8913 8842
25 9074 9043
26 9200 9332
27 9134 9118
28 8896 8820
29 8929 8862
30 9132 9116
31 9049 9012
32 8855 8769
33 9029 8987
34 8948 8885
35 8904 8830
36 8692 8566
37 9120 9101
38 8936 8871
39 8996 8946
40 8957 8897
41 9166 9158
42 9106 9083
43 8921 8852
44 8936 8870
45 8968 8910
46 9113 9092
47 8801 8702
48 8975 8919
49 9026 8983
50 9200 9300
10000
